function [h1,h2,h3,h4,h5] = filtros()

h1 = [-0.00000000,
     -0.00302890,
     -0.00701117,
     -0.01130619,
     -0.01494082,
     -0.01672586,
     -0.01544189,
     -0.01006619,
      0.00000000,
      0.01474923,
      0.03347158,
      0.05477206,
      0.07670890,
      0.09703726,
      0.11352143,
      0.12426379,
      0.12799355,
      0.12426379,
      0.11352143,
      0.09703726,
      0.07670890,
      0.05477206,
      0.03347158,
      0.01474923,
      0.00000000,
     -0.01006619,
     -0.01544189,
     -0.01672586,
     -0.01494082,
     -0.01130619,
     -0.00701117,
     -0.00302890,
     -0.00000000];
     
h2 = [ -0.00000000,
     -0.00249420,
     -0.00282091,
      0.00257679,
      0.01451271,
      0.02868120,
      0.03621179,
      0.02784469,
     -0.00000000,
     -0.04079870,
     -0.07849207,
     -0.09392213,
     -0.07451087,
     -0.02211575,
      0.04567473,
      0.10232715,
      0.12432599,
      0.10232715,
      0.04567473,
     -0.02211575,
     -0.07451087,
     -0.09392213,
     -0.07849207,
     -0.04079870,
     -0.00000000,
      0.02784469,
      0.03621179,
      0.02868120,
      0.01451271,
      0.00257679,
     -0.00282091,
     -0.00249420,
     -0.00000000];
 
 h3 = [-0.00000000,
     -0.00231491,
      0.00990113,
      0.02086129,
     -0.00000000,
     -0.03086123,
     -0.02180695,
      0.00769333,
     -0.00000000,
     -0.01127245,
      0.04726837,
      0.10106105,
     -0.00000000,
     -0.17904543,
     -0.16031428,
      0.09497157,
      0.25562154,
      0.09497157,
     -0.16031428,
     -0.17904543,
     -0.00000000,
      0.10106105,
      0.04726837,
     -0.01127245,
     -0.00000000,
      0.00769333,
     -0.02180695,
     -0.03086123,
     -0.00000000,
      0.02086129,
      0.00990113,
     -0.00231491,
     -0.00000000];
 
 h4 = [-0.00000000,
      0.00231491,
      0.00990113,
     -0.02086129,
      0.00000000,
      0.03086123,
     -0.02180695,
     -0.00769333,
     -0.00000000,
      0.01127245,
      0.04726837,
     -0.10106105,
      0.00000000,
      0.17904543,
     -0.16031428,
     -0.09497157,
      0.25562154,
     -0.09497157,
     -0.16031428,
      0.17904543,
      0.00000000,
     -0.10106105,
      0.04726837,
      0.01127245,
     -0.00000000,
     -0.00769333,
     -0.02180695,
      0.03086123,
      0.00000000,
     -0.02086129,
      0.00990113,
      0.00231491,
     -0.00000000];
 
 h5 = [0.00000000,
      0.00554149,
     -0.00981750,
      0.00856805,
     -0.00000000,
     -0.01267517,
      0.02162277,
     -0.01841647,
      0.00000000,
      0.02698425,
     -0.04686914,
      0.04150730,
     -0.00000000,
     -0.07353666,
      0.15896026,
     -0.22734513,
      0.25346255,
     -0.22734513,
      0.15896026,
     -0.07353666,
     -0.00000000,
      0.04150730,
     -0.04686914,
      0.02698425,
      0.00000000,
     -0.01841647,
      0.02162277,
     -0.01267517,
     -0.00000000,
      0.00856805,
     -0.00981750,
      0.00554149,
      0.00000000];
      
 
end